source,dataset_count,resource_count,license_count(total),open_license_count,non_open_license_count
catalogodatos.gub.uy,85,269,4,0,85
dados.gov.br,237,2056,15,40,197
data.gov.cz,178,1573,15,24,154
data.gov.sk,205,512,15,1,204
data.gov.uk,18189,63139,15,9134,9055
data.gv.at,1215,21448,3,1213,2
hubofdata.ru,5856,27344,15,495,5361
www.dati.gov.it,8496,21232,19,8445,51
www.govdata.de,7707,22692,36,5712,1995
www.publicdata.eu,51315,124814,15,22338,28977
