source,dataset_count,resource_count,license_count(total),open_license_count,non_open_license_count
catalogodatos.gub.uy,90,285,4,0,90
dados.gov.br,244,2117,15,46,198
data.gov.cz,179,1573,15,24,155
data.gov.sk,205,512,15,1,204
data.gov.uk,18427,64093,15,9211,9216
data.gv.at,1229,23124,3,1227,2
hubofdata.ru,5856,27344,15,495,5361
www.dati.gov.it,8540,21451,19,8489,51
www.govdata.de,7767,22814,36,5772,1995
www.publicdata.eu,55357,138126,15,23498,31859
