source,dataset_count,resource_count,license_count(total),open_license_count,non_open_license_count
catalogodatos.gub.uy,85,275,4,0,85
dados.gov.br,237,2056,15,40,197
data.gov.cz,178,1573,15,24,154
data.gov.sk,205,512,15,1,204
data.gov.uk,17872,61858,15,9024,8848
data.gv.at,1182,17970,3,1180,2
hubofdata.ru,5847,27325,15,489,5358
www.dati.gov.it,6659,14033,19,6608,51
www.govdata.de,7435,22141,36,5440,1995
www.publicdata.eu,48632,117061,15,19860,28772
