source,dataset_count,resource_count,license_count(total),open_license_count,non_open_license_count
catalogodatos.gub.uy,85,270,4,0,85
dados.gov.br,237,2056,15,40,197
data.gov.cz,178,1573,15,24,154
data.gov.sk,205,512,15,1,204
data.gov.uk,18297,63439,15,9164,9133
data.gv.at,1226,22291,3,1224,2
hubofdata.ru,5856,27344,15,495,5361
www.dati.gov.it,8536,21432,19,8485,51
www.govdata.de,7696,22710,36,5701,1995
www.publicdata.eu,51315,124814,15,22339,28976
