source,dataset_count,resource_count,license_count(total),open_license_count,non_open_license_count
catalogodatos.gub.uy,91,288,4,0,91
dados.gov.br,244,2135,15,8,236
data.gov.cz,179,1573,15,24,155
data.gov.sk,205,512,15,201,4
data.gov.uk,18711,64698,15,10846,7865
data.gv.at,1308,29010,3,1306,2
hubofdata.ru,5856,27345,15,495,5361
www.dati.gov.it,8857,22340,19,8806,51
www.govdata.de,8021,23091,36,5761,2260
www.publicdata.eu,55662,139231,15,23584,32078
