source,dataset_count,resource_count,license_count(total),open_license_count,non_open_license_count
catalogodatos.gub.uy,91,288,4,0,91
dados.gov.br,244,2132,15,47,197
data.gov.cz,179,1573,15,24,155
data.gov.sk,205,512,15,201,4
data.gov.uk,18467,64009,15,10774,7693
data.gv.at,1254,28078,3,1252,2
hubofdata.ru,5856,27345,15,495,5361
www.dati.gov.it,8540,21451,19,8489,51
www.govdata.de,7876,23635,36,5685,2191
www.publicdata.eu,55510,139261,15,23546,31964
