source,dataset_count,resource_count,license_count(total),open_license_count,non_open_license_count
catalogodatos.gub.uy,85,268,4,0,85
dados.gov.br,237,2056,15,40,197
data.gov.cz,178,1573,15,24,154
data.gov.sk,205,512,15,1,204
data.gov.uk,17899,62195,15,9044,8855
data.gv.at,1196,19314,3,1194,2
hubofdata.ru,5850,27330,15,491,5359
www.dati.gov.it,8294,20664,19,8243,51
www.govdata.de,7498,22277,36,5503,1995
www.publicdata.eu,48632,117061,15,19860,28772
