source,dataset_count,resource_count,license_count(total),open_license_count,non_open_license_count
catalogodatos.gub.uy,85,269,4,0,85
dados.gov.br,237,2056,15,40,197
data.gov.cz,178,1573,15,24,154
data.gov.sk,205,512,15,1,204
data.gov.uk,18152,62852,15,9090,9062
data.gv.at,1204,20578,3,1202,2
hubofdata.ru,5853,27341,15,494,5359
www.dati.gov.it,8399,20921,19,8348,51
www.govdata.de,7586,22488,36,5591,1995
www.publicdata.eu,51312,124804,15,22338,28974
