source,dataset_count,resource_count,license_count(total),open_license_count,non_open_license_count
catalogodatos.gub.uy,90,285,4,0,90
dados.gov.br,240,2062,15,43,197
data.gov.cz,178,1573,15,24,154
data.gov.sk,205,512,15,1,204
data.gov.uk,18399,63793,15,9194,9205
data.gv.at,1229,23122,3,1227,2
hubofdata.ru,5856,27344,15,495,5361
www.dati.gov.it,8541,21452,19,8490,51
www.govdata.de,7733,22790,36,5738,1995
www.publicdata.eu,52214,129180,15,22966,29248
