source,dataset_count,resource_count,license_count(total),open_license_count,non_open_license_count
catalogodatos.gub.uy,91,288,4,0,91
dados.gov.br,244,2134,15,47,197
data.gov.cz,179,1573,15,24,155
data.gov.sk,205,512,15,201,4
data.gov.uk,18520,64267,15,10805,7715
data.gv.at,1255,28541,3,1253,2
hubofdata.ru,5856,27345,15,495,5361
www.dati.gov.it,8857,22340,19,8806,51
www.govdata.de,7979,23011,36,5719,2260
www.publicdata.eu,55636,138722,15,23556,32080
