source,dataset_count,resource_count,license_count(total),open_license_count,non_open_license_count
catalogodatos.gub.uy,85,274,4,0,85
dados.gov.br,237,2056,15,40,197
data.gov.cz,178,1573,15,24,154
data.gov.sk,205,512,15,1,204
data.gov.uk,17853,58853,15,9034,8819
data.gv.at,1182,17686,3,1180,2
hubofdata.ru,5843,27316,15,488,5355
www.dati.gov.it,6954,13950,19,6393,561
www.govdata.de,7391,22047,36,5403,1988
www.publicdata.eu,48622,116333,15,19851,28771
