source,dataset_count,resource_count,license_count(total),open_license_count,non_open_license_count
catalogodatos.gub.uy,85,269,4,0,85
dados.gov.br,237,2056,15,40,197
data.gov.cz,178,1573,15,24,154
data.gov.sk,205,512,15,1,204
data.gov.uk,18094,62457,15,9070,9024
data.gv.at,1203,20139,3,1201,2
hubofdata.ru,5853,27341,15,494,5359
www.dati.gov.it,8294,20732,19,8243,51
www.govdata.de,7544,22367,36,5549,1995
www.publicdata.eu,48632,117061,15,19860,28772
