source,dataset_count,resource_count,license_count(total),open_license_count,non_open_license_count
catalogodatos.gub.uy,85,274,4,0,85
dados.gov.br,246,2109,15,40,206
data.gov.cz,181,1573,15,24,157
data.gov.sk,205,512,15,1,204
data.gov.uk,17821,59877,15,9011,8810
data.gv.at,1182,17182,3,1180,2
hubofdata.ru,5843,27316,15,488,5355
www.dati.gov.it,6933,13800,19,6854,79
www.govdata.de,6823,21316,36,4852,1971
www.publicdata.eu,48621,116272,15,19850,28771
