source,dataset_count,resource_count,license_count(total),open_license_count,non_open_license_count
catalogodatos.gub.uy,91,288,4,0,91
dados.gov.br,244,2132,15,47,197
data.gov.cz,179,1573,15,24,155
data.gov.sk,205,512,15,201,4
data.gov.uk,18452,63897,15,10764,7688
data.gv.at,1238,27613,3,1236,2
hubofdata.ru,5856,27345,15,495,5361
www.dati.gov.it,8540,21451,19,8489,51
www.govdata.de,7857,23593,36,5666,2191
www.publicdata.eu,55484,139033,15,23525,31959
