source,dataset_count,resource_count,license_count(total),open_license_count,non_open_license_count
catalogodatos.gub.uy,85,270,4,0,85
dados.gov.br,237,2056,15,40,197
data.gov.cz,178,1573,15,24,154
data.gov.sk,205,512,15,1,204
data.gov.uk,18362,63509,15,9176,9186
data.gv.at,1226,22695,3,1224,2
hubofdata.ru,5856,27344,15,495,5361
www.dati.gov.it,8541,21452,19,8490,51
www.govdata.de,7720,22758,36,5725,1995
www.publicdata.eu,51363,124991,15,22374,28989
