source,dataset_count,resource_count,license_count(total),open_license_count,non_open_license_count
catalogodatos.gub.uy,85,270,4,0,85
dados.gov.br,237,2056,15,40,197
data.gov.cz,178,1573,15,24,154
data.gov.sk,205,512,15,1,204
data.gov.uk,18383,63633,15,9185,9198
data.gv.at,1227,23100,3,1225,2
hubofdata.ru,5856,27344,15,495,5361
www.dati.gov.it,8541,21452,19,8490,51
www.govdata.de,7774,22823,36,5779,1995
www.publicdata.eu,52063,128818,15,22968,29095
