source,dataset_count,resource_count,license_count(total),open_license_count,non_open_license_count
catalogodatos.gub.uy,85,269,4,0,85
dados.gov.br,237,2056,15,40,197
data.gov.cz,178,1573,15,24,154
data.gov.sk,205,512,15,1,204
data.gov.uk,18098,62524,15,9074,9024
data.gv.at,1204,20157,3,1202,2
hubofdata.ru,5853,27341,15,494,5359
www.dati.gov.it,8301,20740,19,8250,51
www.govdata.de,7517,22350,36,5522,1995
www.publicdata.eu,48632,117094,15,19869,28763
