source,dataset_count,resource_count,license_count(total),open_license_count,non_open_license_count
catalogodatos.gub.uy,91,288,4,0,91
dados.gov.br,244,2135,15,8,236
data.gov.cz,179,1573,15,24,155
data.gov.sk,205,512,15,201,4
data.gov.uk,18640,64518,15,10827,7813
data.gv.at,1262,28541,3,1260,2
hubofdata.ru,5856,27345,15,495,5361
www.dati.gov.it,8857,22340,19,8806,51
www.govdata.de,7990,23029,36,5730,2260
www.publicdata.eu,55638,138723,15,23557,32081
