source,dataset_count,resource_count,license_count(total),open_license_count,non_open_license_count
catalogodatos.gub.uy,85,270,4,0,85
dados.gov.br,237,2056,15,40,197
data.gov.cz,178,1573,15,24,154
data.gov.sk,205,512,15,1,204
data.gov.uk,18275,63329,15,9153,9122
data.gv.at,1221,22063,3,1219,2
hubofdata.ru,5856,27344,15,495,5361
www.dati.gov.it,8536,21432,19,8485,51
www.govdata.de,7728,22734,36,5733,1995
www.publicdata.eu,51315,124814,15,22339,28976
