source,dataset_count,resource_count,license_count(total),open_license_count,non_open_license_count
catalogodatos.gub.uy,90,285,4,0,90
dados.gov.br,237,2056,15,40,197
data.gov.cz,178,1573,15,24,154
data.gov.sk,205,512,15,1,204
data.gov.uk,18393,63666,15,9190,9203
data.gv.at,1227,23120,3,1225,2
hubofdata.ru,5856,27344,15,495,5361
www.dati.gov.it,8541,21452,19,8490,51
www.govdata.de,7733,22780,36,5738,1995
www.publicdata.eu,52063,128818,15,22968,29095
