source,dataset_count,resource_count,license_count(total),open_license_count,non_open_license_count
catalogodatos.gub.uy,85,269,4,0,85
dados.gov.br,237,2056,15,40,197
data.gov.cz,178,1573,15,24,154
data.gov.sk,205,512,15,1,204
data.gov.uk,18129,62619,15,9080,9049
data.gv.at,1205,20575,3,1203,2
hubofdata.ru,5853,27341,15,494,5359
www.dati.gov.it,8344,20835,19,8293,51
www.govdata.de,7583,22445,36,5588,1995
www.publicdata.eu,48635,117097,15,19874,28761
